0
0
0.2776433510839
0
0.091095792923146
0
0
-0.128379050532934
0
0
-1.35021217716084
0
-0.93582656935961
0
0
0.150344105410338
0
0
0.274716141842113
0
0.0910217962261095
0
0
-0.13126621761077
0
0
0.27743925934528
0
0.0909648651406858
0
0
-0.128235390572806
0
0
0.275443026223798
0
0.09217475229919
0
0
-0.137265740315884
0
0
0.274514693973571
0
0.0909276019732119
0
0
-0.133310934651121
0
0
0.276865103451085
0
0.0908309863881351
0
0
-0.128118994148607
0
0
0.275654929250535
0
0.0926983840297435
0
0
-0.137159528422837
0
0
0.274174313909858
0
0.0910631076087132
0
0
-0.133637038821743
0
0
0.276734367567033
0
0.0907676851014783
0
0
-0.1281277051986
0
0
0.276387494351471
0
0.0924388350197036
0
0
-0.134988140857484
0
0
0.273672760870081
0
0.0909749994210562
0
0
-0.134408511141904
0
0
-2.31602127926402
0
-1.2405392791194
0
0
0.502286200834634
0
0
0.276542030402716
0
0.0925064015094512
0
0
-0.134497499014097
0
0
0.273491466688047
0
0.091254115571926
0
0
-0.13464806256519
0
0
0.276237194977924
0
0.0905740815235312
0
0
-0.128552721197206
0
0
0.277569981405801
0
0.0922967160914556
0
0
-0.133616864639763
0
0
0.273414363724478
0
0.0915262080721235
0
0
-0.135130295338015
0
0
0.27607439611198
0
0.0906592268229423
0
0
-0.128681674363673
0
0
0.277480198341418
0
0.0924676530699275
0
0
-0.133087062629444
0
0
0.273200385431294
0
0.091690265018407
0
0
-0.137051969501545
0
0
0.275669329201345
0
0.0905271352091952
0
0
-0.129146714953587
0
0
0.277582118044772
0
0.0919580264084008
0
0
-0.132313492162062
0
0
0.273337417232156
0
0.091543642685632
0
0
-0.137579472300742
0
0
0.275746962211798
0
0.0905364316442281
0
0
-0.129228519168745
0
0
0.277892031838933
0
0.0917203143978806
0
0
-0.129965323098846
0
0
0.273947256203477
0
0.0916832457241945
0
0
-0.137623195428371
0
0
0.275413980051931
0
0.0907674271278802
0
0
-0.129499358323693
0
0
0.277963246255042
0
0.0914747536934768
0
0
-0.129418114040536
0
0
0.274217137495947
0
0.0917139106985987
0
0
-0.137715761879997
0
0
0.275219148689343
0
0.0907301523833226
0
0
-0.13132567995735
0
0
0.277596387657464
0
0.091401984370354
0
0
-0.129132156867284
0
0
0.274398079511906
0
0.0923826948407425
0
0
-0.137664216045097
0
0
0.274789027824629
0
0.0909784444421691
0
0
-0.131634661330737
0
0
-2.48608817674932
0
-1.35050136553647
0
0
1.1992113654313
0
0
0.274839419801376
0
0.0924720473372997
0
0
-0.13692571264099
0
0
-1.15884909356717
0
-0.579020991605572
0
0
1.42011957770743
0
0
0.277151609479365
0
0.0907884713906348
0
0
-0.128477268327687
0
0
0.274938060829755
0
0.0927268488144395
0
0
-0.136685432027484
0
0
-0.572440720540057
0
-0.506579832411413
0
0
0.296759573322913
0
0
0.276947121995519
0
0.0907418584545239
0
0
-0.128161253608639
0
0
0.276364973236587
0
0.0925370153857852
0
0
-0.135972277117624
0
0
-1.35922478849689
0
-0.995340197342443
0
0
0.407052226794802
0
0
-1.17709647565215
0
-1.28978446334844
0
0
0.0953026839676019
0
0
-0.846391959707049
0
-0.742234778952944
0
0
0.301557031771793
0
0
-1.10852159333871
0
-0.881022218074101
0
0
0.0512494081083559
0
0
-1.17275337834853
0
-0.941754026064923
0
0
0.229977231824385
0
0
-1.14599480253847
0
-1.26287512613643
0
0
0.301422896017101
0
0
-0.373559656026889
0
0.29960220742935
0
0
0.288296507608021
0
0
-1.11999584047967
0
-0.827472952123653
0
0
0.461036897681388
0
0
-1.55306584175064
0
-1.82217364941323
0
0
-0.252373790503491
0
0
-1.27360047145588
0
-1.54320264514904
0
0
-0.0223271054101803
0
0
-1.16554635367405
0
-1.28537739482847
0
0
-0.0232887638970114
0
0
-1.06179800544813
0
-1.25512196773102
0
0
-0.0269251142845817
0
0
0.0755229526718582
0
-0.204083955333068
0
0
-0.121454366999074
0
0
-0.968537412734305
0
-0.841621371587087
0
0
0.295023322447874
0
0
0.277525140672563
0
0.092225761088327
0
0
-0.131131228430803
0
0
-1.18335666243786
0
-1.3942726798394
0
0
-0.196912797137883
0
0
0.275554535898581
0
0.0906250634216232
0
0
-0.130020537956144
0
0
-0.411016328059899
0
-0.372089106100082
0
0
0.241091591433229
0
0
0.273588835118632
0
0.0919388270495314
0
0
-0.137896415499339
0
0
0.275288232073112
0
0.0907241380545876
0
0
-0.130502955672163
0
0
-0.320022885971005
0
-0.331921103552735
0
0
0.0492426043974148
0
0
-2.06394148385494
0
-1.79532505657495
0
0
0.582819373312027
0
0
-1.1733721735062
0
-1.32788613152455
0
0
0.300586144527204
0
0
0.277635861163339
0
0.0910295676150308
0
0
-0.128327533767891
0
0
0.275165084784212
0
0.0920869842591987
0
0
-0.137489950266179
0
0
-0.498097041022827
0
-0.343251446333004
0
0
0.0927653432814646
0
0
-1.26890452704784
0
-0.299446890099253
0
0
0.28697377017507
0
0
-1.21346751479193
0
-0.110965336720259
0
0
0.288303757465336
0
0
0.274222484107878
0
0.0911317402588652
0
0
-0.133028428852722
0
0
-0.143914696186886
0
-0.0648391599454179
0
0
0.0775461637343322
0
0
-1.03793972150269
0
-0.503286799761493
0
0
0.451744875927762
0
0
0.274316528679197
0
0.0910422314920445
0
0
-0.133575052231538
0
0
0.276629034643883
0
0.0908487697249272
0
0
-0.128108781751612
0
0
0.27602841647284
0
0.092830507229047
0
0
-0.135012383483901
0
0
0.273736984014794
0
0.0912008749577309
0
0
-0.134241248229516
0
0
0.27646408802825
0
0.0905912902366079
0
0
-0.128250174247801
0
0
-0.408109198236073
0
-0.359147790006964
0
0
0.035114550822346
0
0
0.2735861121272
0
0.0910859982240941
0
0
-0.135072614062592
0
0
-0.755772929038068
0
-0.0653137274679305
0
0
0.27924766495363
0
0
-0.515930185697711
0
-0.463573845419119
0
0
0.00438962713740221
0
0
-1.4216931861231
0
-0.195511452666752
0
0
0.216220625955865
0
0
0.276104956989209
0
0.0903754298119286
0
0
-0.128787076508929
0
0
-1.01581785587538
0
-0.346670594539789
0
0
0.958243902093869
0
0
-0.472964512574847
0
0.127819524273443
0
0
0.182111184124278
0
0
-1.03736692975241
0
-0.256812185224564
0
0
0.855134974395078
0
0
0.277739126531529
0
0.0918302471038857
0
0
-0.132372094180455
0
0
0.27309512352568
0
0.0917603327505123
0
0
-0.137386005432261
0
0
0.275422036108164
0
0.0906877790405214
0
0
-0.129303526379221
0
0
0.278008727668899
0
0.0917026573090229
0
0
-0.129746121514529
0
0
-1.18141259744011
0
-0.211801823019497
0
0
0.465305317633169
0
0
-0.856224213849921
0
0.226030780526876
0
0
0.460136044384296
0
0
-0.0430662276693639
0
-0.187740713422468
0
0
-0.0256938084732594
0
0
-0.546895763864252
0
-0.133840361136184
0
0
1.42879874190143
0
0
-0.0272570631515645
0
-0.167939089381797
0
0
-0.0917808588674296
0
0
0.277350332257142
0
0.0914908796402103
0
0
-0.129094795510032
0
0
-2.05189545612451
0
-0.390708355966896
0
0
0.486854116083457
0
0
0.275147741696646
0
0.0907063776160677
0
0
-0.131797861950034
0
0
-2.0641642064849
0
-0.219430247588137
0
0
0.927478678549298
0
0
-1.41036324735625
0
-1.05677475526909
0
0
0.344769450425153
0
0
-2.18933744722887
0
-0.134534153646704
0
0
0.445619455961999
0
0
-1.60619469562685
0
0.376685930018361
0
0
1.09867861527447
0
0
-2.18578492632156
0
0.21903216548671
0
0
1.81046102324543
0
0
-1.34195667855006
0
-0.659454500234646
0
0
0.955240339908436
0
0
-0.212803736791489
0
-0.593064361264273
0
0
1.72176987792682
0
0
-1.47132067051568
0
0.296949667988844
0
0
1.67947802501892
0
0
-1.34880728758068
0
-0.574484374506512
0
0
2.18756439503363
0
0
0.276875890417139
0
0.0906121801293569
0
0
-0.127980331085353
0
0
-1.28825861223094
0
-0.644708947940553
0
0
0.0562776809572396
0
0
-2.39325573175424
0
0.205798209657071
0
0
1.23678627854265
0
0
-2.32221689525344
0
-0.0187180289653033
0
0
0.334669343661065
0
0
-1.27339422430224
0
-0.805709332989601
0
0
2.33781998641564
0
0
-2.26617704940273
0
0.546819216809791
0
0
0.640677843661774
0
0
-2.39487418215821
0
-0.0666397804629293
0
0
0.59922119345166
0
0
-0.671521213815951
0
-0.562725380602302
0
0
0.279456505756936
0
0
-1.80800189533988
0
0.165772632038574
0
0
1.68839163230631
0
0
-2.0777429798898
0
0.310602312768904
0
0
1.38138557764395
0
0
-1.80263368635911
0
-0.793750810288751
0
0
1.88944480066311
0
0
-1.86759588788836
0
0.97464957572716
0
0
1.24226883119666
0
0
-0.136621292182748
0
-0.0541928231238775
0
0
0.342499848752753
0
0
-1.77045847153603
0
0.108836238329801
0
0
0.22758059745418
0
0
-1.52893174297677
0
-1.15361219740662
0
0
0.307025888990986
0
0
-1.69030604951239
0
-0.459508090794913
0
0
0.844019379133298
0
0
0.277859064313724
0
0.0919062743894528
0
0
-0.130377568471152
0
0
0.273616190514192
0
0.0920423998229114
0
0
-0.137829349705332
0
0
-1.62157539418921
0
-1.13359321436185
0
0
0.603940753005749
0
0
0.277778162762243
0
0.0911258342658927
0
0
-0.129798997601327
0
0
0.273857998727833
0
0.0920864134480448
0
0
-0.137587537989736
0
0
0.275055762822074
0
0.0908964470464402
0
0
-0.130604727352424
